-0.950945941593,-0.165690331685
-0.951092507549,-0.166089199072
-0.951092507549,-0.166089199072
-0.951239047286,-0.166488091445
-0.951239047286,-0.166488091445
-0.951385560696,-0.166887015429
-0.951385560696,-0.166887015429
-0.951532047908,-0.167285976539
-0.951532047908,-0.167285976539
-0.951678509261,-0.167684979365
-0.951678509261,-0.167684979365
-0.951824945529,-0.168084027586
-0.951824945529,-0.168084027586
-0.951971357356,-0.168483124411
-0.951971357356,-0.168483124411
-0.952117742748,-0.168882272923
-0.952117742748,-0.168882272923
-0.952264098073,-0.169281475253
-0.952264098073,-0.169281475253
-0.952410420799,-0.169680734655
-0.952410420799,-0.169680734655
-0.952556709195,-0.170080054848
-0.952556709195,-0.170080054848
-0.952702962318,-0.170479437738
-0.952702962318,-0.170479437738
-0.952849180644,-0.170878882929
-0.952849180644,-0.170878882929
-0.952995365506,-0.171278388644
-0.952995365506,-0.171278388644
-0.953141518575,-0.171677953924
-0.953141518575,-0.171677953924
-0.953287641572,-0.172077578105
-0.953287641572,-0.172077578105
-0.953433736079,-0.172477257407
-0.953433736079,-0.172477257407
-0.953579803359,-0.172876985563
-0.953579803359,-0.172876985563
-0.953725842849,-0.1732767555
-0.953725842849,-0.1732767555
-0.953871850848,-0.17367655855
-0.953871850848,-0.17367655855
-0.954017819448,-0.174076388129
-0.954017819448,-0.174076388129
-0.95416373935,-0.174476240856
-0.95416373935,-0.174476240856
-0.954309601669,-0.174876114903
-0.954309601669,-0.174876114903
-0.954455397031,-0.175276009935
-0.954455397031,-0.175276009935
-0.954601117153,-0.175675925401
-0.954601117153,-0.175675925401
-0.954746754756,-0.176075860703
-0.954746754756,-0.176075860703
-0.954892303855,-0.176475815346
-0.954892303855,-0.176475815346
-0.955037761235,-0.17687579001
-0.955037761235,-0.17687579001
-0.955183126822,-0.177275788214
-0.955183126822,-0.177275788214
-0.955328401801,-0.177675814901
-0.955328401801,-0.177675814901
-0.95547358808,-0.178075874351
-0.95547358808,-0.178075874351
-0.955618687836,-0.17847597042
-0.955618687836,-0.17847597042
-0.955763704325,-0.178876107087
-0.955763704325,-0.178876107087
-0.955908643652,-0.179276288497
-0.955908643652,-0.179276288497
-0.956053513736,-0.179676515343
-0.956053513736,-0.179676515343
-0.956198323062,-0.180076783232
-0.956198323062,-0.180076783232
-0.956343080496,-0.180477083174
-0.956343080496,-0.180477083174
-0.956487794615,-0.180877402668
-0.956487794615,-0.180877402668
-0.956632472896,-0.181277730081
-0.956632472896,-0.181277730081
-0.956777122605,-0.181678055698
-0.956777122605,-0.181678055698
-0.956921750561,-0.18207837162
-0.956921750561,-0.18207837162
-0.957066361117,-0.182478671611
-0.957066361117,-0.182478671611
-0.957210956775,-0.182878950546
-0.957210956775,-0.182878950546
-0.957355540284,-0.183279203228
-0.957355540284,-0.183279203228
-0.957500117005,-0.183679422129
-0.957500117005,-0.183679422129
-0.957644693576,-0.184079598059
-0.957644693576,-0.184079598059
-0.957789274665,-0.184479723654
-0.957789274665,-0.184479723654
-0.957933864985,-0.184879794514
-0.957933864985,-0.184879794514
-0.958078469876,-0.185279807119
-0.958078469876,-0.185279807119
-0.958223093732,-0.185679758586
-0.958223093732,-0.185679758586
-0.958367739858,-0.186079647662
-0.958367739858,-0.186079647662
-0.958512411907,-0.186479473041
-0.958512411907,-0.186479473041
-0.958657113388,-0.186879231773
-0.958657113388,-0.186879231773
-0.958801847669,-0.18727892208
-0.958801847669,-0.18727892208
-0.9589466195,-0.187678544074
-0.9589466195,-0.187678544074
-0.959091435821,-0.18807809883
-0.959091435821,-0.18807809883
-0.959236304698,-0.188477588683
-0.959236304698,-0.188477588683
-0.959381234439,-0.188877015937
-0.959381234439,-0.188877015937
-0.95952623684,-0.18927638209
-0.95952623684,-0.18927638209
-0.959671325672,-0.189675688972
-0.959671325672,-0.189675688972
-0.959816516533,-0.190074940462
-0.959816516533,-0.190074940462
-0.959961826319,-0.190474141872
-0.959961826319,-0.190474141872
-0.960107269657,-0.190873298475
-0.960107269657,-0.190873298475
-0.96025285905,-0.191272415431
-0.96025285905,-0.191272415431
-0.960398605638,-0.191671495261
-0.960398605638,-0.191671495261
-0.960544519381,-0.192070537384
-0.960544519381,-0.192070537384
-0.9606906062,-0.192469543403
-0.9606906062,-0.192469543403
-0.960836867818,-0.192868517624
-0.960836867818,-0.192868517624
-0.960983305273,-0.193267465461
-0.960983305273,-0.193267465461
-0.961129919732,-0.19366639369
-0.961129919732,-0.19366639369
-0.961276712349,-0.194065308729
-0.961276712349,-0.194065308729
-0.961423683957,-0.194464216195
-0.961423683957,-0.194464216195
-0.961570840177,-0.19486312527
-0.961570840177,-0.19486312527
-0.961718191386,-0.195262048948
-0.961718191386,-0.195262048948
-0.961865750046,-0.195660999786
-0.961865750046,-0.195660999786
-0.962013530865,-0.1960599893
-0.962013530865,-0.1960599893
-0.962161547194,-0.196459028632
-0.962161547194,-0.196459028632
-0.962309809428,-0.196858128002
-0.962309809428,-0.196858128002
-0.962458325432,-0.197257296029
-0.962458325432,-0.197257296029
-0.962607101084,-0.197656540301
-0.962607101084,-0.197656540301
-0.96275614132,-0.198055868492
-0.96275614132,-0.198055868492
-0.962905449205,-0.198455289378
-0.962905449205,-0.198455289378
-0.963055025581,-0.198854810092
-0.963055025581,-0.198854810092
-0.963204869712,-0.199254437966
-0.963204869712,-0.199254437966
-0.963354979637,-0.199654182008
-0.963354979637,-0.199654182008
-0.963505351879,-0.200054050725
-0.963505351879,-0.200054050725
-0.96365597997,-0.200454052579
-0.96365597997,-0.200454052579
-0.963806855194,-0.200854195417
-0.963806855194,-0.200854195417
-0.963957968794,-0.201254483301
-0.963957968794,-0.201254483301
-0.964109312596,-0.201654916669
-0.964109312596,-0.201654916669
-0.964260878756,-0.20205549425
-0.964260878756,-0.20205549425
-0.964412656568,-0.202456213903
-0.964412656568,-0.202456213903
-0.964564632472,-0.202857073532
-0.964564632472,-0.202857073532
-0.964716792605,-0.203258070647
-0.964716792605,-0.203258070647
-0.964869123612,-0.203659204233
-0.964869123612,-0.203659204233
-0.96502161221,-0.204060476631
-0.96502161221,-0.204060476631
-0.965174245559,-0.204461890908
-0.965174245559,-0.204461890908
-0.965327011805,-0.20486344896
-0.965327011805,-0.20486344896
-0.965479900461,-0.205265152475
-0.965479900461,-0.205265152475
-0.965632903069,-0.205667004045
-0.965632903069,-0.205667004045
-0.965786012088,-0.206069006536
-0.965786012088,-0.206069006536
-0.965939219557,-0.206471162096
-0.965939219557,-0.206471162096
-0.966092515638,-0.206873476257
-0.966092515638,-0.206873476257
-0.966245887131,-0.207275960616
-0.966245887131,-0.207275960616
-0.966399318932,-0.207678628817
-0.966399318932,-0.207678628817
-0.9665527973,-0.208081491761
-0.9665527973,-0.208081491761
-0.966706310605,-0.208484557105
-0.966706310605,-0.208484557105
-0.966859848434,-0.208887830885
-0.966859848434,-0.208887830885
-0.967013401242,-0.209291317106
-0.967013401242,-0.209291317106
-0.967166960552,-0.209695017565
-0.967166960552,-0.209695017565
-0.967320518674,-0.210098932826
-0.967320518674,-0.210098932826
-0.967474069012,-0.210503062282
-0.967474069012,-0.210503062282
-0.967627605657,-0.210907404002
-0.967627605657,-0.210907404002
-0.96778112376,-0.211311955577
-0.96778112376,-0.211311955577
-0.967934621661,-0.211716714917
-0.967934621661,-0.211716714917
-0.968088099042,-0.212121680973
-0.968088099042,-0.212121680973
-0.968241553619,-0.212526853488
-0.968241553619,-0.212526853488
-0.968394982001,-0.212932233431
-0.968394982001,-0.212932233431
-0.968548380895,-0.213337823239
-0.968548380895,-0.213337823239
-0.968701746862,-0.213743623992
-0.968701746862,-0.213743623992
-0.968855073509,-0.21414963713
-0.968855073509,-0.21414963713
-0.969008349057,-0.214555863961
-0.969008349057,-0.214555863961
-0.969161558959,-0.214962303458
-0.969161558959,-0.214962303458
-0.969314689838,-0.215368953589
-0.969314689838,-0.215368953589
-0.969467729693,-0.215775811554
-0.969467729693,-0.215775811554
-0.969620665821,-0.216182870743
-0.969620665821,-0.216182870743
-0.969773484683,-0.216590121068
-0.969773484683,-0.216590121068
-0.969926174226,-0.216997551822
-0.969926174226,-0.216997551822
-0.970078724467,-0.217405152932
-0.970078724467,-0.217405152932
-0.970231126481,-0.21781291444
-0.970231126481,-0.21781291444
-0.970383372233,-0.218220824294
-0.970383372233,-0.218220824294
-0.97053545572,-0.218628870174
-0.97053545572,-0.218628870174
-0.970687372025,-0.219037042232
-0.970687372025,-0.219037042232
-0.970839117089,-0.219445332999
-0.970839117089,-0.219445332999
-0.970990688177,-0.219853737033
-0.970990688177,-0.219853737033
-0.971142083853,-0.220262247642
-0.971142083853,-0.220262247642
-0.971293303697,-0.220670858766
-0.971293303697,-0.220670858766
-0.971444348045,-0.221079567113
-0.971444348045,-0.221079567113
-0.971595218212,-0.22148836934
-0.971595218212,-0.22148836934
-0.971745916655,-0.221897262232
-0.971745916655,-0.221897262232
-0.971896446604,-0.222306242453
-0.971896446604,-0.222306242453
-0.972046810599,-0.222715305496
-0.972046810599,-0.222715305496
-0.972197011266,-0.223124444313
-0.972197011266,-0.223124444313
-0.972347053025,-0.223533651434
-0.972347053025,-0.223533651434
-0.972496940472,-0.223942920672
-0.972496940472,-0.223942920672
-0.972646680335,-0.224352245327
-0.972646680335,-0.224352245327
-0.97279628166,-0.224761618344
-0.97279628166,-0.224761618344
-0.972945752305,-0.22517103378
-0.972945752305,-0.22517103378
-0.973095098391,-0.225580486995
-0.973095098391,-0.225580486995
-0.973244325658,-0.225989973393
-0.973244325658,-0.225989973393
-0.973393439867,-0.226399488793
-0.973393439867,-0.226399488793
-0.973542446837,-0.226809029087
-0.973542446837,-0.226809029087
-0.973691353036,-0.227218590474
-0.973691353036,-0.227218590474
-0.973840165554,-0.227628169465
-0.973840165554,-0.227628169465
-0.973988891523,-0.228037762498
-0.973988891523,-0.228037762498
-0.97413753766,-0.228447365771
-0.97413753766,-0.228447365771
-0.974286110186,-0.228856974493
-0.974286110186,-0.228856974493
-0.974434612217,-0.22926658664
-0.974434612217,-0.22926658664
-0.974583043519,-0.229676203357
-0.974583043519,-0.229676203357
-0.974731402816,-0.230085825335
-0.974731402816,-0.230085825335
-0.974879691044,-0.230495451784
-0.974879691044,-0.230495451784
-0.975027911102,-0.23090508062
-0.975027911102,-0.23090508062
-0.975176065711,-0.231314709148
-0.975176065711,-0.231314709148
-0.975324158592,-0.231724334954
-0.975324158592,-0.231724334954
-0.975472193823,-0.2321339567
-0.975472193823,-0.2321339567
-0.975620175721,-0.232543573083
-0.975620175721,-0.232543573083
-0.975768108379,-0.232953181716
-0.975768108379,-0.232953181716
-0.975915997855,-0.233362780617
-0.975915997855,-0.233362780617
-0.976063853815,-0.233772368951
-0.976063853815,-0.233772368951
-0.976211684831,-0.234181946757
-0.976211684831,-0.234181946757
-0.976359497019,-0.234591515222
-0.976359497019,-0.234591515222
-0.976507296229,-0.235001077862
-0.976507296229,-0.235001077862
-0.9766550882,-0.235410639781
-0.9766550882,-0.235410639781
-0.976802878835,-0.235820205423
-0.976802878835,-0.235820205423
-0.976950675544,-0.236229778847
-0.976950675544,-0.236229778847
-0.977098487314,-0.236639364101
-0.977098487314,-0.236639364101
-0.977246322302,-0.237048964857
-0.977246322302,-0.237048964857
-0.977394327427,-0.237458970177
-0.977394327427,-0.237458970177
-0.97754058572,-0.237867857253
-0.97754058572,-0.237867857253
-0.977684185926,-0.238273717071
-0.977684185926,-0.238273717071
-0.977824933527,-0.238675946494
-0.977824933527,-0.238675946494
-0.977962632729,-0.239073975413
-0.977962632729,-0.239073975413
-0.978097125465,-0.23946730595
-0.978097125465,-0.23946730595
-0.978228270021,-0.239855482756
-0.978228270021,-0.239855482756
-0.978355945415,-0.240238098836
-0.978355945415,-0.240238098836
-0.978480052279,-0.240614791298
-0.978480052279,-0.240614791298
-0.978600512917,-0.240985241402
-0.978600512917,-0.240985241402
-0.978717263848,-0.241349170163
-0.978717263848,-0.241349170163
-0.978830257753,-0.241706338929
-0.978830257753,-0.241706338929
-0.978939457758,-0.242056537916
-0.978939457758,-0.242056537916
-0.979044841678,-0.242399596825
-0.979044841678,-0.242399596825
-0.979146398599,-0.242735380719
-0.979146398599,-0.242735380719
-0.979244127687,-0.243063785986
-0.979244127687,-0.243063785986
-0.979338038957,-0.24338473897
-0.979338038957,-0.24338473897
-0.97942814882,-0.243698185678
-0.97942814882,-0.243698185678
-0.979514488379,-0.244004101872
-0.979514488379,-0.244004101872
-0.979597098503,-0.244302485349
-0.979597098503,-0.244302485349
-0.979676025994,-0.244593353168
-0.979676025994,-0.244593353168
-0.979751325491,-0.24487674281
-0.979751325491,-0.24487674281
-0.979823055393,-0.245152703366
-0.979823055393,-0.245152703366
-0.979891281839,-0.245421307162
-0.979891281839,-0.245421307162
-0.979956076693,-0.245682648156
-0.979956076693,-0.245682648156
-0.980017514943,-0.24593683326
-0.980017514943,-0.24593683326
-0.980075674846,-0.246183979653
-0.980075674846,-0.246183979653
-0.980130639309,-0.246424219495
-0.980130639309,-0.246424219495
-0.980182494516,-0.246657695961
-0.980182494516,-0.246657695961
-0.980231331216,-0.246884567271
-0.980231331216,-0.246884567271
-0.980277243437,-0.247105004274
-0.980277243437,-0.247105004274
-0.980320324094,-0.24731917873
-0.980320324094,-0.24731917873
-0.980360666473,-0.24752726651
-0.980360666473,-0.24752726651
-0.980398364261,-0.247729447441
-0.980398364261,-0.247729447441
-0.980433507112,-0.247925897778
-0.980433507112,-0.247925897778
-0.980466182346,-0.248116797709
-0.980466182346,-0.248116797709
-0.980496476434,-0.248302331851
-0.980496476434,-0.248302331851
-0.980524478315,-0.24848268257
-0.980524478315,-0.24848268257
-0.980550280475,-0.248658032068
-0.980550280475,-0.248658032068
-0.980573973586,-0.248828561538
-0.980573973586,-0.248828561538
-0.980595652071,-0.248994454734
-0.980595652071,-0.248994454734
-0.98061541273,-0.249155896861
-0.98061541273,-0.249155896861
-0.980633349789,-0.249313068871
-0.980633349789,-0.249313068871
-0.980649554448,-0.249466147531
-0.980649554448,-0.249466147531
-0.980664115574,-0.249615306232
-0.980664115574,-0.249615306232
-0.980677119873,-0.249760714018
-0.980677119873,-0.249760714018
-0.980688649153,-0.24990253543
-0.980688649153,-0.24990253543
-0.980698779815,-0.25004092998
-0.980698779815,-0.25004092998
-0.980707585002,-0.250176054064
-0.980707585002,-0.250176054064
-0.980715135447,-0.250308059364
-0.980715135447,-0.250308059364
-0.980721498895,-0.250437091744
-0.980721498895,-0.250437091744
-0.9807267388,-0.250563292765
-0.9807267388,-0.250563292765
-0.980730914527,-0.250686798839
-0.980730914527,-0.250686798839
-0.980734082905,-0.25080774382
-0.980734082905,-0.25080774382
-0.980736298581,-0.25092625885
-0.980736298581,-0.25092625885
-0.980737614092,-0.251042469693
-0.980737614092,-0.251042469693
-0.980738080179,-0.251156496806
-0.980738080179,-0.251156496806
-0.980737745302,-0.251268453773
-0.980737745302,-0.251268453773
-0.980736655272,-0.251378447439
-0.980736655272,-0.251378447439
-0.980734853624,-0.251486579751
-0.980734853624,-0.251486579751
-0.9807323816,-0.251592947785
-0.9807323816,-0.251592947785
-0.980729277158,-0.251697642542
-0.980729277158,-0.251697642542
-0.980725575422,-0.2518007487
-0.980725575422,-0.2518007487
-0.980721309721,-0.25190234609
-0.980721309721,-0.25190234609
-0.98071651126,-0.252002509912
-0.98071651126,-0.252002509912
-0.980711209063,-0.252101311886
-0.980711209063,-0.252101311886
-0.980705430261,-0.252198820911
-0.980705430261,-0.252198820911
-0.980699201453,-0.252295103268
-0.980699201453,-0.252295103268
-0.98069254891,-0.25239022205
-0.98069254891,-0.25239022205
-0.980685498202,-0.252484236525
-0.980685498202,-0.252484236525
