-500.503588025,-210.849631063
-500.470508798,-210.74782367
-500.383906257,-210.684903242
-500.27685963,-210.684903242
-500.19025709,-210.74782367
-500.157177863,-210.849631063
-500.19025709,-210.951438455
-500.27685963,-211.014358883
-500.383906257,-211.014358883
-500.470508798,-210.951438455
-0.236274428343,-0.13927804758
-0.203195201431,-0.0374706554891
-0.116592661052,0.0254497731291
-0.00954603412056,0.0254497731291
0.0770565062579,-0.0374706554891
0.11013573317,-0.13927804758
0.0770565062579,-0.241085439671
-0.00954603412056,-0.304005868289
-0.116592661052,-0.304005868289
-0.203195201431,-0.241085439671
-0.173232094951,-3.61341743314e-06
-0.140152868039,0.101803778674
-0.0535503276603,0.164724207292
0.0534962992717,0.164724207292
0.14009883965,0.101803778674
0.173178066563,-3.61341743316e-06
0.14009883965,-0.101811005508
0.0534962992717,-0.164731434127
-0.0535503276603,-0.164731434127
-0.140152868039,-0.101811005508
-0.394912652248,-0.177280768048
-0.361833425336,-0.0754733759575
-0.275230884957,-0.0125529473392
-0.168184258025,-0.0125529473392
-0.081581717647,-0.0754733759575
-0.0485024907345,-0.177280768048
-0.081581717647,-0.27908816014
-0.168184258025,-0.342008588758
-0.275230884957,-0.342008588758
-0.361833425336,-0.27908816014
2.43394249615,-1.48706323641
3.26092316896,1.05812156587
5.42598667843,2.63113228133
8.10215235172,2.63113228133
10.2672158612,1.05812156587
11.094196534,-1.48706323641
10.2672158612,-4.03224803868
8.10215235172,-5.60525875414
5.42598667843,-5.60525875414
3.26092316896,-4.03224803868
-0.26489478239,-1.97774698659
0.562085890422,0.567437815685
2.72714939988,2.14044853114
5.40331507318,2.14044853114
7.56837858264,0.567437815685
8.39535925545,-1.97774698659
7.56837858264,-4.52293178887
5.40331507318,-6.09594250432
2.72714939988,-6.09594250432
0.562085890422,-4.52293178887
-9.33246066035,-0.496112103585
-9.12052915916,0.841970733064
-8.50547998754,2.04907269869
-7.54751844371,3.00703424253
-6.34041647808,3.62208341415
-5.00233364143,3.83401491534
-3.66425080478,3.62208341415
-2.45714883916,3.00703424253
-1.49918729532,2.04907269869
-0.8841381237,0.841970733064
-0.672206622509,-0.496112103585
-0.8841381237,-1.83419494023
-1.49918729532,-3.04129690586
-2.45714883916,-3.99925844969
-3.66425080478,-4.61430762132
-5.00233364143,-4.82623912251
-6.34041647808,-4.61430762132
-7.54751844371,-3.99925844969
-8.50547998754,-3.04129690586
-9.12052915916,-1.83419494023
-4.36040808957,-0.102360536814
-4.14847658838,1.23572229983
-3.53342741675,2.44282426546
-2.57546587292,3.4007858093
-1.36836390729,4.01583498092
-0.0302810706435,4.22776648211
1.30780176601,4.01583498092
2.51490373163,3.4007858093
3.47286527547,2.44282426546
4.08791444709,1.23572229983
4.29984594828,-0.102360536814
4.08791444709,-1.44044337346
3.47286527547,-2.64754533909
2.51490373163,-3.60550688292
1.30780176601,-4.22055605455
-0.0302810706435,-4.43248755574
-1.36836390729,-4.22055605455
-2.57546587292,-3.60550688292
-3.53342741675,-2.64754533909
-4.14847658838,-1.44044337346
-4.71759144862,-0.259049447234
-4.50565994743,1.07903338942
-3.89061077581,2.28613535504
-2.93264923197,3.24409689888
-1.72554726634,3.8591460705
-0.387464429695,4.07107757169
0.950618406954,3.8591460705
2.15772037258,3.24409689888
3.11568191642,2.28613535504
3.73073108804,1.07903338942
3.94266258923,-0.259049447234
3.73073108804,-1.59713228388
3.11568191642,-2.80423424951
2.15772037258,-3.76219579334
0.950618406954,-4.37724496497
-0.387464429695,-4.58917646616
-1.72554726634,-4.37724496497
-2.93264923197,-3.76219579334
-3.89061077581,-2.80423424951
-4.50565994743,-1.59713228388
-4.49242477496,-0.299574705123
-3.66544410215,2.24561009715
-1.50038059269,3.81862081261
1.17578508061,3.81862081261
3.34084859007,2.24561009715
4.16782926288,-0.299574705123
3.34084859007,-2.8447595074
1.17578508061,-4.41777022285
-1.50038059269,-4.41777022285
-3.66544410215,-2.8447595074
-8.15728541308,-2.49278385418
-7.33030474027,0.0524009480936
-5.16524123081,1.62541166355
-2.48907555751,1.62541166355
-0.324012048051,0.0524009480936
0.502968624761,-2.49278385418
-0.324012048051,-5.03796865646
-2.48907555751,-6.61097937191
-5.16524123081,-6.61097937191
-7.33030474027,-5.03796865646
-9.92446625471,-1.77018042099
-9.0974855819,0.775004381282
-6.93242207244,2.34801509674
-4.25625639914,2.34801509674
-2.09119288968,0.775004381282
-1.26421221687,-1.77018042099
-2.09119288968,-4.31536522327
-4.25625639914,-5.88837593873
-6.93242207244,-5.88837593873
-9.0974855819,-4.31536522327
-4.756220265,-0.326899146429
-3.92923959219,2.21828565585
-1.76417608273,3.7912963713
0.911989590569,3.7912963713
3.07705310003,2.21828565585
3.90403377284,-0.326899146429
3.07705310003,-2.8720839487
0.911989590569,-4.44509466416
-1.76417608273,-4.44509466416
-3.92923959219,-2.8720839487
-3.90174788849,0.4645163216
-3.07476721568,3.00970112388
-0.90970370622,4.58271183933
1.76646196708,4.58271183933
3.93152547654,3.00970112388
4.75850614935,0.4645163216
3.93152547654,-2.08066848068
1.76646196708,-3.65367919613
-0.90970370622,-3.65367919613
-3.07476721568,-2.08066848068
-4.44478711334,-0.252484236525
-3.61780644053,2.29270056575
-1.45274293107,3.86571128121
1.22342274223,3.86571128121
3.38848625169,2.29270056575
4.2154669245,-0.252484236525
3.38848625169,-2.7976690388
1.22342274223,-4.37067975426
-1.45274293107,-4.37067975426
-3.61780644053,-2.7976690388
-4.52185552942,-0.282640954791
-3.69487485661,2.26254384748
-1.52981134715,3.83555456294
1.14635432615,3.83555456294
3.31141783561,2.26254384748
4.13839850842,-0.282640954791
3.31141783561,-2.82782575707
1.14635432615,-4.40083647252
-1.52981134715,-4.40083647252
-3.69487485661,-2.82782575707
-4.51590604657,-0.196474965899
-3.68892537376,2.34870983638
-1.5238618643,3.92172055183
1.152303809,3.92172055183
3.31736731846,2.34870983638
4.14434799127,-0.196474965899
3.31736731846,-2.74165976817
1.152303809,-4.31467048363
-1.5238618643,-4.31467048363
-3.68892537376,-2.74165976817
-3.2965245067,0.0654378582739
-2.46954383389,2.61062266055
-0.304480324431,4.18363337601
2.37168534887,4.18363337601
4.53674885833,2.61062266055
5.36372953114,0.0654378582739
4.53674885833,-2.479746944
2.37168534887,-4.05275765946
-0.304480324431,-4.05275765946
-2.46954383389,-2.479746944
-2.12937543106,-0.0103417559609
-1.30239475825,2.53484304631
0.862668751209,4.10785376177
3.53883442451,4.10785376177
5.70389793397,2.53484304631
6.53087860678,-0.0103417559609
5.70389793397,-2.55552655824
3.53883442451,-4.12853727369
0.862668751209,-4.12853727369
-1.30239475825,-2.55552655824
-4.55502302294,-0.246813867895
-3.72804235013,2.29837093438
-1.56297884067,3.87138164984
1.11318683263,3.87138164984
3.27825034209,2.29837093438
4.1052310149,-0.246813867895
3.27825034209,-2.79199867017
1.11318683263,-4.36500938563
-1.56297884067,-4.36500938563
-3.72804235013,-2.79199867017
-1.67127071972,-0.175702507446
-0.844290046911,2.36948229483
1.32077346255,3.94249301029
3.99693913585,3.94249301029
6.16200264531,2.36948229483
6.98898331812,-0.175702507446
6.16200264531,-2.72088730972
3.99693913585,-4.29389802518
1.32077346255,-4.29389802518
-0.844290046911,-2.72088730972
-1.06794641647,-0.539541010802
-0.902550281906,-0.0305040503465
-0.469537580014,0.284098092745
0.065695554646,0.284098092745
0.498708256538,-0.0305040503465
0.664104391101,-0.539541010802
0.498708256538,-1.04857797126
0.065695554646,-1.36318011435
-0.469537580014,-1.36318011435
-0.902550281906,-1.04857797126
-1.80615062442,-1.17640839453
-1.64075448986,-0.667371434071
-1.20774178797,-0.35276929098
-0.672508653306,-0.35276929098
-0.239495951413,-0.667371434071
-0.074099816851,-1.17640839453
-0.239495951413,-1.68544535498
-0.672508653306,-2.00004749807
-1.20774178797,-2.00004749807
-1.64075448986,-1.68544535498
-2.2713841548,0.133653522162
-2.10598802024,0.642690482618
-1.67297531835,0.957292625709
-1.13774218369,0.957292625709
-0.704729481796,0.642690482618
-0.539333347234,0.133653522162
-0.704729481796,-0.375383438293
-1.13774218369,-0.689985581384
-1.67297531835,-0.689985581384
-2.10598802024,-0.375383438293
-4.1528134982,2.49091193202
-3.98741736364,2.99994889248
-3.55440466175,3.31455103557
-3.01917152709,3.31455103557
-2.5861588252,2.99994889248
-2.42076269063,2.49091193202
-2.5861588252,1.98187497157
-3.01917152709,1.66727282847
-3.55440466175,1.66727282847
-3.98741736364,1.98187497157
-0.265727105924,0.532310304276
-0.100330971362,1.04134726473
0.33268173053,1.35594940782
0.86791486519,1.35594940782
1.30092756708,1.04134726473
1.46632370164,0.532310304276
1.30092756708,0.0232733438212
0.86791486519,-0.29132879927
0.33268173053,-0.29132879927
-0.100330971362,0.0232733438212
-0.327511328394,0.67748600611
-0.162115193831,1.18652296657
0.270897508061,1.50112510966
0.806130642721,1.50112510966
1.23914334461,1.18652296657
1.40453947918,0.67748600611
1.23914334461,0.168449045655
0.806130642721,-0.146153097436
0.270897508061,-0.146153097436
-0.162115193831,0.168449045655
-1.14763215587,0.872291653096
-0.982236021304,1.38132861355
-0.549223319412,1.69593075664
-0.0139901847525,1.69593075664
0.41902251714,1.38132861355
0.584418651702,0.872291653096
0.41902251714,0.363254692641
-0.0139901847525,0.0486525495498
-0.549223319412,0.0486525495498
-0.982236021304,0.363254692641
-1.84048336486,-0.384581636819
-1.6750872303,0.124455323636
-1.24207452841,0.439057466728
-0.70684139375,0.439057466728
-0.273828691857,0.124455323636
-0.108432557295,-0.384581636819
-0.273828691857,-0.893618597274
-0.70684139375,-1.20822074036
-1.24207452841,-1.20822074036
-1.6750872303,-0.893618597274
8.54777674749,-3.93582344443
8.71317288205,-3.42678648398
9.14618558395,-3.11218434089
9.68141871861,-3.11218434089
10.1144314205,-3.42678648398
10.2798275551,-3.93582344443
10.1144314205,-4.44486040489
9.68141871861,-4.75946254798
9.14618558395,-4.75946254798
8.71317288205,-4.44486040489
-4.32969716107,-0.0231954676346
-4.16430102651,0.485841492821
-3.73128832461,0.800443635912
-3.19605518995,0.800443635912
-2.76304248806,0.485841492821
-2.5976463535,-0.0231954676346
-2.76304248806,-0.53223242809
-3.19605518995,-0.846834571181
-3.73128832461,-0.846834571181
-4.16430102651,-0.53223242809
-4.17999066338,-1.02759285746
-4.01459452881,-0.518555897001
-3.58158182692,-0.20395375391
-3.04634869226,-0.20395375391
-2.61333599037,-0.518555897001
-2.44793985581,-1.02759285746
-2.61333599037,-1.53662981791
-3.04634869226,-1.851231961
-3.58158182692,-1.851231961
-4.01459452881,-1.53662981791
-1.01087307417,-0.150606665126
-0.845476939608,0.358430295329
-0.412464237716,0.67303243842
0.122768896944,0.67303243842
0.555781598836,0.358430295329
0.721177733398,-0.150606665126
0.555781598836,-0.659643625582
0.122768896944,-0.974245768673
-0.412464237716,-0.974245768673
-0.845476939608,-0.659643625582
-0.785535653957,-0.235240988972
-0.620139519394,0.273795971483
-0.187126817502,0.588398114574
0.348106317157,0.588398114574
0.78111901905,0.273795971483
0.946515153612,-0.235240988972
0.78111901905,-0.744277949427
0.348106317157,-1.05888009252
-0.187126817502,-1.05888009252
-0.620139519394,-0.744277949427
-8.87956035539,-0.364979602147
-8.45569735301,2.31118607115
-7.22559900977,4.7253900024
-5.3096759221,6.64131309007
-2.89547199085,7.87141143332
-0.21930631755,8.2952744357
2.45685935575,7.87141143332
4.871063287,6.64131309007
6.78698637467,4.7253900024
8.01708471791,2.31118607115
8.44094772029,-0.364979602147
8.01708471791,-3.04114527544
6.78698637467,-5.4553492067
4.871063287,-7.37127229437
2.45685935575,-8.60137063761
-0.21930631755,-9.02523363999
-2.89547199085,-8.60137063761
-5.3096759221,-7.37127229437
-7.22559900977,-5.4553492067
-8.45569735301,-3.04114527544
-8.68493149794,-0.303389325982
-8.26106849556,2.37277634732
-7.03097015232,4.78698027857
-5.11504706465,6.70290336624
-2.7008431334,7.93300170948
-0.024677460099,8.35686471186
2.6514882132,7.93300170948
5.06569214445,6.70290336624
6.98161523212,4.78698027857
8.21171357536,2.37277634732
8.63557657775,-0.303389325982
8.21171357536,-2.97955499928
6.98161523212,-5.39375893053
5.06569214445,-7.3096820182
2.6514882132,-8.53978036145
-0.024677460099,-8.96364336383
-2.7008431334,-8.53978036145
-5.11504706465,-7.3096820182
-7.03097015232,-5.39375893053
-8.26106849556,-2.97955499928
-4.44514324603,-0.274319319794
-4.23321174484,1.06376351686
-3.61816257322,2.27086548248
-2.66020102938,3.22882702632
-1.45309906375,3.84387619794
-0.115016227105,4.05580769913
1.22306660954,3.84387619794
2.43016857517,3.22882702632
3.38813011901,2.27086548248
4.00317929063,1.06376351686
4.21511079182,-0.274319319794
4.00317929063,-1.61240215644
3.38813011901,-2.81950412207
2.43016857517,-3.7774656659
1.22306660954,-4.39251483753
-0.115016227105,-4.60444633872
-1.45309906375,-4.39251483753
-2.66020102938,-3.7774656659
-3.61816257322,-2.81950412207
-4.23321174484,-1.61240215644
-4.45505485134,-0.294408163252
-4.24312335015,1.0436746734
-3.62807417853,2.25077663902
-2.6701126347,3.20873818286
-1.46301066907,3.82378735448
-0.124927832421,4.03571885567
1.21315500423,3.82378735448
2.42025696985,3.20873818286
3.37821851369,2.25077663902
3.99326768531,1.0436746734
4.2051991865,-0.294408163252
3.99326768531,-1.6324909999
3.37821851369,-2.83959296553
2.42025696985,-3.79755450936
1.21315500423,-4.41260368098
-0.124927832421,-4.62453518217
-1.46301066907,-4.41260368098
-2.6701126347,-3.79755450936
-3.62807417853,-2.83959296553
-4.24312335015,-1.6324909999
-4.79811357955,-0.124049200032
-4.58618207836,1.21403363662
-3.97113290674,2.42113560224
-3.0131713629,3.37909714608
-1.80606939727,3.9941463177
-0.467986560625,4.20607781889
0.870096276024,3.9941463177
2.07719824165,3.37909714608
3.03515978549,2.42113560224
3.65020895711,1.21403363662
3.8621404583,-0.124049200032
3.65020895711,-1.46213203668
3.03515978549,-2.66923400231
2.07719824165,-3.62719554614
0.870096276024,-4.24224471776
-0.467986560625,-4.45417621895
-1.80606939727,-4.24224471776
-3.0131713629,-3.62719554614
-3.97113290674,-2.66923400231
-4.58618207836,-1.46213203668
-4.39446026031,-0.360478229761
-4.18252875912,0.977604606888
-3.5674795875,2.18470657251
-2.60951804366,3.14266811635
-1.40241607804,3.75771728797
-0.0643332413893,3.96964878916
1.27374959526,3.75771728797
2.48085156089,3.14266811635
3.43881310472,2.18470657251
4.05386227634,0.977604606888
4.26579377753,-0.360478229761
4.05386227634,-1.69856106641
3.43881310472,-2.90566303204
2.48085156089,-3.86362457587
1.27374959526,-4.47867374749
-0.0643332413893,-4.69060524868
-1.40241607804,-4.47867374749
-2.60951804366,-3.86362457587
-3.5674795875,-2.90566303204
-4.18252875912,-1.69856106641
-4.4293429427,-0.197365625899
-4.21741144151,1.14071721075
-3.60236226989,2.34781917638
-2.64440072605,3.30578072021
-1.43729876042,3.92082989183
-0.0992159237751,4.13276139302
1.23886691287,3.92082989183
2.4459688785,3.30578072021
3.40393042234,2.34781917638
4.01897959396,1.14071721075
4.23091109515,-0.197365625899
4.01897959396,-1.53544846255
3.40393042234,-2.74255042817
2.4459688785,-3.70051197201
1.23886691287,-4.31556114363
-0.0992159237751,-4.52749264482
-1.43729876042,-4.31556114363
-2.64440072605,-3.70051197201
-3.60236226989,-2.74255042817
-4.21741144151,-1.53544846255
-4.34572580187,-0.188803881396
-4.13379430068,1.14927895525
-3.51874512905,2.35638092088
-2.56078358522,3.31434246471
-1.35368161959,3.92939163634
-0.015598782944,4.14132313753
1.32248405371,3.92939163634
2.52958601933,3.31434246471
3.48754756317,2.35638092088
4.10259673479,1.14927895525
4.31452823598,-0.188803881396
4.10259673479,-1.52688671805
3.48754756317,-2.73398868367
2.52958601933,-3.69195022751
1.32248405371,-4.30699939913
-0.015598782944,-4.51893090032
-1.35368161959,-4.30699939913
-2.56078358522,-3.69195022751
-3.51874512905,-2.73398868367
-4.13379430068,-1.52688671805
-4.14355616262,-0.248380884113
0.186570856301,4.08174613481
4.51669787522,-0.248380884113
0.186570856301,-4.57850790304
-4.57682867756,-0.231324755621
-0.246701658642,4.0988022633
4.08342536028,-0.231324755621
-0.246701658642,-4.56145177454
-71.9436092273,385.919211279
-71.0775838235,386.785236683
-70.2115584197,385.919211279
-71.0775838235,385.053185876
39.0346162747,62.5834647679
39.9006416785,63.4494901717
40.7666670823,62.5834647679
39.9006416785,61.7174393641
-302.695259768,290.292631293
-301.829234364,291.158656697
-300.96320896,290.292631293
-301.829234364,289.42660589
-808.630214722,1203.78982322
-807.764189318,1204.65584862
-806.898163914,1203.78982322
-807.764189318,1202.92379782
-319.15972222,241.633481134
-318.510203167,242.008481134
-318.510203167,241.258481134
-35.8131433474,295.366695171
-35.8131433474,295.366695171
-35.8131433474,295.366695171
-35.8131433474,295.366695171
-35.8131433474,295.366695171
-35.8131433474,295.366695171
-35.8131433474,295.366695171
-35.8131433474,295.366695171
-35.8131433474,295.366695171
-35.8131433474,295.366695171
312.257666952,471.638469037
312.257666952,471.638469037
-1926.57397046,231.652630917
-1926.57397046,231.652630917
707.768115369,140.001240827
707.768115369,140.001240827
625.488945546,-298.449043097
625.488945546,-298.449043097
1464.87706356,-515.95056984
1464.87706356,-515.95056984
120.55572535,250.767525816
120.55572535,250.767525816
-1225.96617228,69.9516603284
-1225.96617228,69.9516603284
-1147.97910945,-152.476514579
-1147.97910945,-152.476514579
